6649, 5936, 3182
7246, 3980, 18518
18518, 3980, 7246
5974, 10502, 3147
3147, 5974, 10502
3916, 1822, 1823
27224, 7865, 2586
27224, 7865, 2586
8812, 5936, 6649
10347, 6032, 7264
13856, 5241, 6369
13856, 6369, 5241
3844, 1762, 2408
1940, 4052, 12927
12927, 1940, 4052
9949, 3370, 7297
793, 1361, 3130
20594, 2981, 2997
2981, 2997, 20594
6012, 3954, 1371
6032, 5441, 7264
4704, 3296, 1839
3980, 7645, 2019
19928, 24050, 14111
19928, 24050, 14111
11880, 8084, 1500
1339, 5485, 20607
5485, 1339, 20607
18257, 3575, 4412
20510, 10591, 11701
11112, 29972, 15295
4418, 1091, 13380
26656, 2408, 5483
5932, 5882, 16568
17801, 5507, 3643
17801, 3643, 5507
16471, 14834, 17365
2475, 9248, 2472
9248, 2472, 2475
13922, 31013, 31594
13922, 31013, 31594
31594, 13922, 31013
31594, 31013, 13922
15440, 20013, 24845
15440, 24845, 20013
10084, 3693, 5462
10084, 3693, 5462
1657, 17082, 12326
20785, 2548, 1726
20785, 2548, 1726
16800, 5527, 8472
16800, 8472, 5527
5527, 8472, 16800
8472, 16800, 5527
2737, 595, 12022
12293, 18084, 5147
19889, 452, 10316
3097, 7146, 7729
3097, 7146, 7729
3767, 17230, 30479
29101, 3991, 9850
21826, 93, 12335
3643, 10640, 847
12450, 6459, 9126
3573, 285, 30867
14352, 14489, 7149
1276, 3070, 1269
4713, 1468, 3249
1468, 3249, 4713
3249, 4713, 1468
3249, 4713, 1468
7880, 18160, 13757
18160, 13757, 7880
11073, 2506, 9097
5953, 13049, 18348
14626, 3607, 10057
10057, 14626, 3607
10057, 14626, 3607
12293, 5147, 7148
23545, 11416, 2372
11416, 23545, 2372
11204, 1073, 9096
877, 220, 356
220, 356, 877
1877, 773, 15437
1266, 28316, 863
452, 16276, 7324
6814, 772, 11294
772, 6814, 11294
25397, 14489, 31834
15073, 17869, 11122
14768, 31393, 30508
31393, 30508, 14768
19033, 26507, 7486
26414, 28702, 29757
29757, 26414, 28702
1940, 218, 5756
14465, 29473, 8324
754, 3580, 6272
754, 3580, 6272
11880, 11659, 12204
7234, 1091, 1630
2874, 18908, 12069
2874, 18908, 12069
9397, 5811, 3862
29752, 31113, 7882
31113, 7882, 29752
24460, 12181, 6172
30029, 8220, 21780
18123, 24180, 22999
18123, 24180, 22999
31182, 26294, 8351
26294, 31182, 8351
487, 3246, 4305
11904, 18084, 598
16522, 10941, 27403
792, 7234, 469
8513, 17866, 20190
8513, 17866, 20190
8513, 17866, 20190
9090, 9178, 26507
8456, 483, 22131
483, 8456, 22131
8456, 483, 22131
8456, 483, 22131
21761, 2548, 4777
14804, 2118, 3179
3179, 14804, 2118
3179, 14804, 2118
9008, 1590, 10060
1590, 9008, 10060
9008, 10060, 1590
9008, 10060, 1590
4418, 7203, 13380
3506, 2060, 22992
13549, 18084, 11904
6138, 4434, 3777
13732, 31834, 29196
8348, 1926, 9126
10826, 4653, 8743
10826, 4653, 8743
9483, 9484, 5955
7888, 7251, 14139
6896, 3370, 2670
3370, 2670, 6896
30707, 11660, 26415
20879, 8160, 20938
8160, 20938, 20879
15787, 5544, 15671
32387, 23078, 30515
23078, 30515, 32387
30515, 32387, 23078
30515, 32387, 23078
25299, 140, 24180
2816, 469, 3648
11383, 4666, 4684
4666, 4684, 11383
25985, 8799, 26411
25985, 26411, 8799
25985, 26411, 8799
9710, 13574, 7640
15349, 6472, 10255
1430, 10316, 3050
31676, 12968, 21061
12968, 21061, 31676
12968, 31676, 21061
12968, 31676, 21061
22953, 9590, 26919
22953, 9590, 26919
26690, 13120, 23440
13120, 26690, 23440
3000, 617, 11274
3000, 617, 11274
268, 5090, 22514
22514, 268, 5090
1458, 26504, 1402
29693, 27554, 27555
27554, 27555, 29693
27554, 27555, 29693
14129, 4623, 14064
3000, 617, 1722
7933, 3870, 14758
5713, 19604, 30589
5713, 19604, 30589
7055, 10820, 11989
26960, 12819, 19557
26960, 12819, 19557
26960, 12819, 19557
19806, 9222, 24251
10214, 12850, 15802
10214, 12850, 15802
31429, 25496, 21245
12947, 15684, 21023
24499, 22255, 20145
1273, 4405, 11736
10610, 8348, 27933
31928, 5944, 31364
23501, 26899, 5397
23501, 26899, 5397
5397, 23501, 26899
5397, 23501, 26899
1809, 3732, 26783
1809, 3732, 26783
3037, 1645, 3654
1645, 3037, 3654
1645, 3037, 3654
30598, 31587, 32005
30598, 31587, 32005
23011, 18556, 31380
18556, 23011, 31380
31474, 25095, 29905
25095, 29905, 31474
29905, 31474, 25095
24829, 11568, 30741
23835, 18838, 22316
18838, 22316, 23835
23835, 22316, 18838
23835, 22316, 18838
30957, 9263, 10225
14693, 26735, 26307
1288, 17833, 23527
1288, 17833, 23527
29169, 29950, 32250
29169, 32250, 29950
3942, 14409, 21154
3942, 14409, 21154
26491, 9023, 6443
18440, 23004, 14764
20497, 15380, 11416
14411, 7769, 13217
4093, 1828, 12938
7654, 2266, 29720
2266, 7654, 29720
4134, 2254, 4248
24226, 26545, 26947
24226, 26545, 26947
3493, 1017, 2149
1091, 6172, 1822, 1823
5724, 5591, 2704, 1463
5591, 4450, 5724, 1463
1361, 9677, 2934, 793
727, 3147, 5974, 10502
3130, 5139, 16996, 2674
353, 1762, 16915, 9095
5441, 6032, 7264, 10347
6032, 5441, 10347, 7264
18257, 4412, 2652, 3575
12927, 4052, 1940, 218
6200, 321, 1922, 11119
321, 1922, 11119, 6200
11112, 15295, 26471, 29972
11112, 15295, 29972, 26471
26656, 14884, 23197, 11862
7297, 15380, 9949, 20497
4305, 3916, 3246, 487
487, 3916, 3246, 4305
4843, 30479, 1839, 3767
3844, 3269, 7718, 23079
29639, 25002, 32334, 8795
7148, 5147, 18084, 12293
14352, 14489, 25397, 7149
32263, 93, 3094, 12335
792, 7234, 469, 63
16276, 4465, 7324, 2910
5936, 14465, 8812, 14069
12450, 16178, 6459, 9126
19033, 26507, 26588, 7486
26414, 29757, 28702, 26415
2408, 5163, 5483, 7420
5080, 11904, 598, 13549
17365, 13802, 24460, 12181
14069, 29473, 8324, 14465
4666, 4684, 11383, 16375
4666, 4684, 11383, 16375
7888, 14139, 7251, 23975
13120, 23440, 24908, 26690
13120, 26690, 24908, 23440
5080, 23656, 11904, 598
8160, 20938, 5342, 20879
10610, 8348, 27933, 1926
13574, 3000, 17854, 19598
29169, 32250, 29950, 27927
1041, 29257, 29350, 32087
140, 4884, 14758, 11967
29905, 31474, 219, 25095
13380, 11119, 6200, 1922, 321
32431, 20252, 28810, 18004, 31413
7989, 19433, 25113, 18765, 18929
2704, 4450, 5591, 5724, 1463, 7209
8084, 11702, 11880, 6649, 1500, 3182
5280, 29473, 2704, 8324, 16005, 7209
9248, 8433, 6555, 2472, 2475, 10460
2372, 8810, 11416, 15380, 20497, 23545
12819, 12947, 15684, 19557, 21023, 26960
3844, 793, 7718, 9677, 595, 353, 1762
4450, 5591, 7209, 2704, 16178, 1463, 5724
219, 2704, 4450, 5591, 5724, 16178, 1463, 5280, 7209
598, 5080, 5147, 7148, 11904, 12293, 13549, 18084, 18413, 23656
