2512
162
94
1019
1344
370
287
352
926
327
161
841
126
3253
2004
350
1838
4233
2371
3419
801
2203
6854
152
1232
3306
1757
2782
500
92
556
921
1656
2344
3272
198
6673
639
2925
373
7182
2114
3854
2724
985
6133
4105
1504
2343
1205
1973
83
8886
1361
829
1023
1409
10953
738
5886
756
9516
2723
1012
1081
1051
7304
1826
180
100
35
905
2409
1218
76
3971
1669
530
1213
69
3980
4218
1827
1284
2241
1468
270
1119
7691
687
868
5931
1596
131
385
7322
6792
1561
9932
4644
7532
2496
5813
1714
4658
608
1660
3612
11193
182
1
9919
107
1195
4281
6553
558
7592
692
289
1715
3186
18
1333
177
894
6969
6405
4805
10888
1562
971
10341
4402
8768
4884
8061
980
167
358
3700
879
1437
3016
387
7086
1604
638
2553
2150
5648
2297
1701
340
609
6400
969
250
896
2020
1964
5855
2009
2183
4578
2194
10751
6236
10320
5622
3844
325
898
4367
2727
72
96
242
304
371
405
548
661
686
752
860
1044
1265
1406
1453
1500
1577
1643
1771
1896
1942
1965
2031
2033
2291
2383
2493
2794
2909
3302
3970
4019
4163
5630
6072
6357
6508
6771
7633
9261
9321
9829
10222
